$ANSIBLE_VAULT;1.1;AES256
31326464663361323861353138343163643038316639373061336563653032616535313561356434
3764636538623132366337383863306334616533323335350a396562636461313435613936356532
64623863363664323565396434393432666230386239613033336635653763373264333663353465
3962636433306562650a666263323166326261343835393635393965303632613861396266303363
39366639663832373862663135346662636564306262653431333966393536363435386136623966
34663766633437333664343937343264313437633236613230393737643636623462363239386665
30323766633166666265343664666664343338373435393434633661623963313838656265363762
61616233373264323362373431343364333266326163326337643132303938303263396336653962
65353936366563373133623137636464353838366363663465326536366430663034393834306662
39386366303962393266303965353935323530393430363731333664626231323561373362326334
35646662646664613535666565656262366563353732333032313638333933373433636663373833
30343336623764333134